"ARID3A"	"ATF3"	"BHLHE40C"	"BHLHE40_V"	"BRCA1"	"CEBPB"	"CEBPD"	"CEBPZ"	"CJUN"	"COREST"	"CREB1"	"CTCF_H"	"CTCF"	"DNASE"	"ELF1"	"EZH2"	"FOSL2"	"FOXA1_SC1"	"FOXA1_SC2"	"GABP"	"H2AZ"	"H3K04ME1"	"H3K09ME3"	"H3K27AC"	"H3K27ME3"	"H3K36ME3"	"H3K4ME2"	"H3K4ME3"	"H3K79ME2"	"H3K9AC"	"H4K20ME1"	"HDAC2"	"HNF4A"	"HNF4G"	"IRF3"	"JUND_B"	"JUND_H"	"MAFF"	"MAFK_AB"	"MAX"	"MAX_H"	"MAZ"	"MBD4"	"MXI1"	"MYBL2"	"NFIC"	"NR2F2"	"NRF1"	"NRSF_H"	"NRSF"	"P300"	"P300_H"	" POL2_B"	"POL2_H"	"POL2S2"	"RAD21"	"RAD21_H"	"RFX"	"RXRA"	"SIN3A"	"SMC3"	"SP1"	"SP2"	"SRF1"	"TAF1"	"TBP"	"TCF12"	"TCF7L2"	"TEAD4"	"TR4"	"USF1"	"USF2"	"YY1"	"ZBTB33"	"ZEB1"	"ZNF274"
"ARID3A"	1	0.223650989493063	0.706055061757225	0.179774484986103	0.594634816550499	0.622094440146512	0.489520409763949	0.354690573129775	0.450961925590499	0.729130014171823	0.534053752363944	0.222482103611644	0.222078133149176	0.621009052429764	0.497250812466396	0.176033307584546	0.537803726044487	0.287204123015978	0.441083820289323	0.0459565463113469	0.272314611826939	-0.133442423990912	-0.174908427588914	0.371235080953667	0.0651604222713953	-0.16702353044711	0.156815688203807	0.343450234428257	-0.210861559458568	0.288840540663203	-0.15466848599879	0.559552482785862	0.377400308729858	0.448589126958423	0.40876255526706	0.690291112045986	0.550488425562617	0.639391581712064	0.623603094937237	0.663940119583179	0.525277142690029	0.694368628840949	-0.247368982122506	0.579553208986305	0.0318691249613357	-0.0245167118944573	0.276704922734152	0.365337584077871	-0.208924604760366	0.429574681761742	0.773044621237818	0.521874990034231	0.633398788776676	0.377057402766588	0.60955564180571	0.629900301784766	0.442965931403116	0.673864977036339	0.431938079267137	0.46300375728338	0.646119956618204	0.4122033391341	-0.262294327838332	0.367036582056968	0.355283008398075	0.706584038307682	0.205817991557225	-0.0293090065844794	-0.150624978675088	0.247670927004488	0.371245549606854	0.526006379320766	0.508736718476924	0.128394220914086	0.19325139070784	-0.210262457363602
"ATF3"	0.223650989493063	1	0.353708183547264	0.306888068623083	0.295047546888781	0.233902550551679	0.510060715801385	-0.0591987934348874	0.0430500157427184	0.331620433636488	0.299168025867675	0.399763408195819	0.171501345718011	0.307128341186696	0.454283696141346	0.100908628408566	0.4661765277753	0.194523807615913	0.221704156848651	0.117952156591282	0.168050602753938	-0.175409930547662	-0.0910868554807146	0.173403874490842	0.101304895179601	-0.0445725494557382	0.0320154463311961	0.272090246974564	-0.0505910563478076	0.223090737336988	-0.0759614018060053	0.429937081299734	0.306241311249998	0.380653412816344	0.0822044821230651	0.220446439121563	0.329649054222296	0.194298544160843	0.191159570565492	0.389350075164413	0.335757103864377	0.336458790913183	-0.180078253623381	0.290718817752203	-0.0673346199546805	-0.0897965524354388	0.0455509438655856	0.0974204208571982	-0.111482352674626	0.515695317389938	0.302260779787777	0.331705136418908	0.289994519931382	0.121754682157274	0.221727374937522	0.205096998725753	0.400009660773255	0.301071030741177	0.213364321008791	0.330664249941765	0.144353854703449	0.111829456363615	-0.0304322455636933	0.416477625956898	0.263443295763026	0.26952710454278	0.121922604662731	-0.199333872432168	-0.205545419989523	0.184895994276735	0.303002612728603	0.286675545902557	0.49534558489031	0.128875889077263	0.079633178203742	-0.249337821850938
"BHLHE40C"	0.706055061757225	0.353708183547264	1	0.220525519692087	0.720568275885274	0.570816252957705	0.567420611676576	0.266415175373481	0.326385699768859	0.823675474568125	0.574890688255943	0.263312904260375	0.266511451631561	0.711800667080266	0.558808552612195	0.242761106910288	0.560331793326034	0.12242296894602	0.292491668743462	0.064007089277005	0.380551889604414	-0.191842316370454	-0.158455936280425	0.414773196525365	0.168825156047125	-0.145972171804665	0.187912633247471	0.482562082152932	-0.123926548287404	0.405640282626383	-0.146968853017451	0.531757625926645	0.315032133579581	0.399094532101558	0.404437780651419	0.633541943748872	0.606683435246291	0.61812918933728	0.613941851688987	0.839949491012564	0.668440088299453	0.796541060829264	-0.431791371290825	0.663357088396365	-0.169833861556069	-0.240253811494405	0.180843953818345	0.368208183489795	-0.285724163049243	0.506525024773147	0.80817004218344	0.433863892119734	0.741783432546458	0.36685180310313	0.6778597365165	0.627750994872501	0.457362374426064	0.774289593626913	0.410338123167371	0.581377667497676	0.577501391154511	0.325034795276285	-0.302264924988919	0.360842963696295	0.473897263986451	0.755395398713476	0.171628439357269	-0.169959656396914	-0.382174193979646	0.322430056229327	0.508237665642455	0.693819808913428	0.624316809688453	0.156475828812017	0.140445584960238	-0.303103918625414
"BHLHE40_V"	0.179774484986103	0.306888068623083	0.220525519692087	1	0.0594367454618666	0.153026778815203	0.320481514170013	-0.0621452570932662	0.0529922919927815	0.133121481355689	0.18524142809343	0.229236296040373	0.0450127446491619	0.163747754886152	0.288575115175248	-0.00681134032141612	0.356389204494169	0.361758714114706	0.302675300581661	0.0823545043102608	-0.027357684618643	-0.0359482813161694	-0.0937959713195844	0.0450338801439077	-0.0935149938831486	-0.0469922333015852	-0.0498783545814419	0.00896914351302131	-0.176786133225063	-0.0141962970963245	-0.0778580041140646	0.365225785458249	0.349904852251157	0.356747460133342	-0.000333529237072341	0.140534385571379	0.226810302883069	0.0847764485978819	0.0890935179594582	0.166563350498966	0.187158324037305	0.15200818171523	0.0438136498589935	0.165631897005262	0.152113123238416	0.131429839434775	0.111517431278549	-0.00523806632712936	0.00490665805705073	0.325878203334217	0.171428435804706	0.379796392733103	0.11440292220053	0.123411339358616	0.0809002563162909	0.10656791801126	0.29412898569096	0.0969527601193829	0.238176177501524	0.143680367913107	0.0794815154027589	0.259557889563892	-0.010877868754219	0.327944212993694	0.130498837036244	0.14509108125802	0.235016850616384	-0.006104523543581	0.0625171327956535	0.105188885406407	0.1984862595974	0.0651028287646484	0.272697257751773	0.107463217490438	0.0676915340422432	-0.107966166269942
"BRCA1"	0.594634816550499	0.295047546888781	0.720568275885274	0.0594367454618666	1	0.483408375384607	0.460761125758846	0.342133273863316	0.286363496894015	0.822532320901533	0.443961747057189	0.242087863421072	0.257489031233296	0.574282276358903	0.443999643822477	0.236368397127351	0.391489755004966	-0.0489734843582793	0.0889258521662886	0.090384772927452	0.356353530021151	-0.269458897646452	-0.112606445962269	0.340367805176034	0.244334741068945	-0.0868777982866988	0.144230381808358	0.502468596329855	-0.00186829173184295	0.420909155296231	-0.088526905731523	0.344578623161245	0.150666226065911	0.224363214060451	0.484284592393381	0.534327160148957	0.465893948438405	0.58698795179212	0.582448578697495	0.763008567847237	0.506488622624383	0.759104435717847	-0.47889016011622	0.50274619862056	-0.28910783070965	-0.35330296986417	0.0383010253209111	0.461258345682029	-0.258969841681672	0.436952909270979	0.736019021913064	0.208732932468972	0.687555268932588	0.271567891263488	0.692071422977087	0.59931331658136	0.337057991219164	0.766464256780295	0.263312100837936	0.533975421834336	0.539378388067182	0.130148323503364	-0.20088581208795	0.249217406341177	0.447318654488713	0.668015439088299	0.0941462254363562	-0.271562940811701	-0.487585844492912	0.28453240905631	0.331655429060635	0.677812494143334	0.540913354998845	0.195724597117994	0.079309924980415	-0.323114512448773
"CEBPB"	0.622094440146512	0.233902550551679	0.570816252957705	0.153026778815203	0.483408375384607	1	0.504594810342321	0.250788640206555	0.404609579526032	0.584607110292355	0.436973919122097	0.168998074271778	0.170139593591202	0.504722517180946	0.413652313859658	0.153552288563573	0.45158535242488	0.229712050555097	0.344104316501718	0.0580213960251753	0.221479939566344	-0.0687293959016075	-0.12952202114785	0.270791771131956	0.0499286183956895	-0.116975483440305	0.131805296564864	0.276163177508725	-0.147850984196119	0.217410062145992	-0.107467424598664	0.480781248000665	0.33113782707241	0.410959135746577	0.32759173477935	0.60123971717159	0.434430251774134	0.511656716729304	0.487168447279675	0.550493577286772	0.431137166540504	0.541810555443325	-0.212962087282623	0.444749093979314	0.000945749424479501	-0.0537374619925051	0.206949132691384	0.287401502311022	-0.154037635397236	0.371053233579119	0.655431463230584	0.442545888881945	0.504510270601792	0.262091870839158	0.485897296954714	0.48739882330742	0.347801304415138	0.552112779924222	0.344110846509259	0.357328610314443	0.535602120333119	0.323632063129538	-0.228787049292204	0.310673149302641	0.292696083492222	0.559806344892021	0.160104266950733	-0.0576169890758258	-0.132845176605716	0.195059916820761	0.291106866692549	0.441115223418238	0.413745971961013	0.0908039433462741	0.142176775209489	-0.194084885467944
"CEBPD"	0.489520409763949	0.510060715801385	0.567420611676576	0.320481514170013	0.460761125758846	0.504594810342321	1	-0.027597842814325	0.074364858144532	0.573857633376395	0.594707733072617	0.394274966247615	0.21809461828905	0.657089864743702	0.709047000393477	0.169665154981035	0.689329622251526	0.314721665170691	0.435977278749353	0.152632660189308	0.301242761386095	-0.242472826833909	-0.204461118035734	0.389775528101549	0.105935740456364	-0.170233481397273	0.0922537868700204	0.413262455399654	-0.203165943140931	0.35766885979397	-0.194214875034599	0.708439309721094	0.49839485009047	0.614503472273414	0.127173251524686	0.398643773092644	0.612937484697694	0.367497805895661	0.356960660592716	0.585301200114667	0.587998966423208	0.610281762276166	-0.31631211922169	0.590303211064998	-0.0306974715005234	-0.0914294348305991	0.243497415809019	0.0814790109777693	-0.199693825975549	0.693025165795577	0.574576289509186	0.610696577607523	0.615250657580831	0.470454530010685	0.441617838145865	0.366876737657473	0.5769083790012	0.514250961863032	0.464635175416789	0.585028279940834	0.317046820808887	0.414861203589978	-0.20933038856456	0.584301867160882	0.52557876410871	0.601768362944502	0.259675222789619	-0.173210481235896	-0.275161675941159	0.322176145303841	0.432148860241851	0.329778656355822	0.729194771031419	0.217500050110803	0.205044528175641	-0.322428614377628
"CEBPZ"	0.354690573129775	-0.0591987934348874	0.266415175373481	-0.0621452570932662	0.342133273863316	0.250788640206555	-0.027597842814325	1	0.457451260663542	0.314001269787504	0.0147914516062121	-0.0414908615534814	-0.0252806151272737	0.0127704449754923	-0.00382776675297411	0.00383243931342176	0.00294319195546037	-0.0138498909746598	0.00505533686860289	-0.000344078841993087	-0.0128094046284114	0.0118093007771543	0.028813608394111	-0.00967144222529971	0.00633173752434377	0.00898708833088724	0.000336130413333156	-0.0197877015760596	0.00383849836706193	-0.0238046968031675	0.0186708418072441	-0.0231827096021884	-0.033443313960179	-0.020424026580844	0.512719095139856	0.350749884140397	0.00511154963212366	0.386903907332114	0.392461577157557	0.230225944682174	-0.0288309987633388	0.268015093210665	-0.00879740661359865	0.0080272832160039	-0.0180794288486671	-0.0171774797879571	-0.00198068361643849	0.463131857007974	0.00719648306542836	-0.0387727518403859	0.330064274996369	-0.00811129114698022	0.177673045984749	0.0156326866209258	0.363831662672594	0.328834255271153	-0.0362270621248741	0.339191143305188	-0.00668147194411308	-0.00246220864397514	0.460093303293492	0.0394922328993368	0.0140103777874529	0.018588704045778	-0.0233309393153633	0.225550067702984	-0.0117645228258234	0.0398458220499153	0.00531322908348872	-0.00531667729333307	-0.0105756342229208	0.370468617779694	-0.0448781779657465	-0.0205967537448328	-0.00134565514626782	0.0371029519628658
"CJUN"	0.450961925590499	0.0430500157427184	0.326385699768859	0.0529922919927815	0.286363496894015	0.404609579526032	0.074364858144532	0.457451260663542	1	0.333121979816571	0.140068294041753	-0.010126385745851	0.00173623715493003	0.103818645744473	0.0744715087114858	0.00546379903194796	0.205457106436	0.157311565000823	0.155891352985198	-0.0111137682846703	-0.0213932733315292	0.0702032545784673	-0.0274246452643069	0.0483526201768612	-0.0611035413547023	-0.0315347423787727	0.0363335417185432	-0.010686565544986	-0.0761074555782537	-0.0129080047419422	-0.0108238109190165	0.141687709834257	0.114469551568764	0.122674139437905	0.401502489512984	0.596740391533495	0.172757283516192	0.421458595249431	0.40957667059608	0.275882853725888	0.0840073319054353	0.284044767262898	0.0431197914949073	0.1155201881354	0.103341397365459	0.0959133833739423	0.0963988631438422	0.379501711524094	0.000446876072405071	0.064266857305365	0.413619908625223	0.184409664900413	0.205771549021732	0.0564497858663048	0.34375458824929	0.364348834320673	0.0684827614052649	0.333932716119072	0.114082493897938	0.0258386151936943	0.453446500365265	0.152188722023367	-0.0551464901346903	0.0793257480014454	0.000803942875070668	0.284292459290164	0.0779546661143115	0.082731950312292	0.107914912127207	0.0342997610445792	0.0591047251158327	0.339106480243215	0.0402618094967092	-0.00328540341795811	0.0439136092811701	0.0214163841795464
"COREST"	0.729130014171823	0.331620433636488	0.823675474568125	0.133121481355689	0.822532320901533	0.584607110292355	0.573857633376395	0.314001269787504	0.333121979816571	1	0.567344778287681	0.27419720007548	0.288770945045702	0.71955381685297	0.567956340028617	0.260470452512451	0.53650324964022	0.0648388876354569	0.238102835358516	0.0845222893869235	0.390630621820264	-0.247249381122139	-0.166321407389529	0.413293855684564	0.20837042715608	-0.135636794944116	0.176944832616536	0.530957249112148	-0.0961873704255469	0.438280086729051	-0.144670158167572	0.513558025985542	0.289305328621554	0.377683791082978	0.456756967023252	0.635679702059366	0.596882798599608	0.657831692106235	0.652829221153237	0.839852348796201	0.631737167773644	0.84359209990925	-0.485844809929581	0.645382027079646	-0.224999991488393	-0.295828222186572	0.15198653292478	0.424612886074005	-0.292936519021821	0.517202233649427	0.843050558316993	0.382818938400576	0.779934554179784	0.371909478884719	0.732277294869328	0.672182345697896	0.450621985314865	0.827206286625386	0.39421958969046	0.606338683013484	0.620781154125216	0.280480600006556	-0.291576754413838	0.344362835570397	0.505683941042208	0.783549451215888	0.15782053585378	-0.219324452159463	-0.451954482247657	0.329735194298075	0.420689664062287	0.684438876684686	0.645169282617616	0.189950927076994	0.146419515028696	-0.329383111243415
"CREB1"	0.534053752363944	0.299168025867675	0.574890688255943	0.18524142809343	0.443961747057189	0.436973919122097	0.594707733072617	0.0147914516062121	0.140068294041753	0.567344778287681	1	0.24412921504581	0.224730104857313	0.722050802729472	0.648773573492471	0.191788407268321	0.577088741821199	0.187340090877038	0.393581260709326	0.126769053258928	0.372002975653849	-0.264480229871934	-0.207575438106294	0.443636961256919	0.143685420395816	-0.191847541145861	0.133251849925807	0.425981583435271	-0.18022527703302	0.38097335520266	-0.183394417250967	0.584530082690416	0.341007933999558	0.444354195186193	0.137850648878503	0.48092364406451	0.624883783173088	0.401608302928074	0.382732569313055	0.584047360325335	0.738481557449876	0.579589239694257	-0.269632753462992	0.690735180357867	0.0495179589701307	-0.0357443886635277	0.426273667161677	0.0731191602431217	-0.264184595012454	0.525266796261861	0.565195698523442	0.51902807681175	0.639551966405709	0.517670899769751	0.443682572187885	0.364583200170266	0.446076536016358	0.533666466307092	0.442072746619927	0.623038017850252	0.311806566058015	0.409471305519177	-0.218862194584028	0.437708742659077	0.505464296788532	0.649358196515681	0.225083587832858	-0.115890285778044	-0.211909433743531	0.341916415113277	0.467187931593317	0.331562778467159	0.638925804421895	0.21187675078607	0.370846106837042	-0.244264656537084
"CTCF_H"	0.222482103611644	0.399763408195819	0.263312904260375	0.229236296040373	0.242087863421072	0.168998074271778	0.394274966247615	-0.0414908615534814	-0.010126385745851	0.27419720007548	0.24412921504581	1	0.508195835830067	0.315378268818493	0.393543422406938	0.122942612946235	0.360591108714025	0.167707579152596	0.208352550537214	0.065185843342034	0.151361710853984	-0.153609280537219	-0.0876919551553933	0.124508838413802	0.0570339444926501	-0.0404359554907919	0.0432407580860602	0.207410623093839	-0.100695306126013	0.159800437035381	-0.0645265313115963	0.397737173477176	0.267769121662726	0.324207481157851	0.0633971073350156	0.171798106320055	0.242792072332465	0.158434708903583	0.148507008121005	0.275871800161568	0.273641432950793	0.290633899926372	-0.15221696221057	0.264529299664151	-0.0301191067080702	-0.0850856231722221	0.0762498473537028	0.0578401107994486	-0.0935375845927171	0.395183347471158	0.244888623241742	0.298641429548393	0.251259587424939	0.123610801870991	0.175372006863474	0.421484000383335	0.661054802151672	0.246022628490144	0.204062775775392	0.265404026972202	0.294374953501419	0.086189550195719	-0.056862167785007	0.369231009520553	0.204392601243337	0.247942260296636	0.0936220472689571	-0.13943742894141	-0.151846959782977	0.136826645827917	0.182773595632313	0.166803273945267	0.407913728718359	0.0665604287622992	0.107591916370866	-0.169772968742884
"CTCF"	0.222078133149176	0.171501345718011	0.266511451631561	0.0450127446491619	0.257489031233296	0.170139593591202	0.21809461828905	-0.0252806151272737	0.00173623715493003	0.288770945045702	0.224730104857313	0.508195835830067	1	0.342402867068297	0.244823761383482	0.437386417294249	0.225175505233693	0.00476341262361	0.0833081595525535	0.0119413374303304	0.400014985876872	0.0121081742873019	0.200860583474911	0.311211251284978	0.320393185840704	0.154892797184346	0.328969429033418	0.389131108203115	0.113992733598907	0.34926549450986	0.144500487941046	0.216845564993118	0.1057758040895	0.132425088021691	0.0504402076392261	0.1858468356059	0.196772807575702	0.180112151195817	0.169894113751756	0.27581734532819	0.291763035038533	0.274687188482066	-0.195659163231835	0.281605540016271	-0.0887646538591841	-0.149445328389275	0.0665108259379435	0.0435199091307563	-0.158258538985742	0.215238952966661	0.239305461202285	0.132610950597892	0.282691246072995	0.125891801529073	0.193101134805458	0.443233584336215	0.476968736728131	0.259332570369206	0.13069848171217	0.239596149012721	0.330575326456812	0.0155928876627402	-0.145345382065754	0.124044060191406	0.18966428521226	0.25553405693365	-0.0081240839989799	-0.139748174838476	-0.180748071065016	0.121039458730893	0.149710782892104	0.203264503638431	0.281027738705653	0.00763922139424665	0.0982083308664156	-0.152209490481363
"DNASE"	0.621009052429764	0.307128341186696	0.711800667080266	0.163747754886152	0.574282276358903	0.504722517180946	0.657089864743702	0.0127704449754923	0.103818645744473	0.71955381685297	0.722050802729472	0.315378268818493	0.342402867068297	1	0.719720511307858	0.298167365958237	0.650118166952616	0.161347921923516	0.398624713742409	0.0869365990838105	0.535870773067145	-0.24148067814595	-0.236124519433254	0.550353341324708	0.208787539188361	-0.241501753288999	0.278005397037467	0.611504632690603	-0.165629859085241	0.523610481316393	-0.207636768662938	0.653955063164594	0.381133569929636	0.496270441992459	0.162824634213933	0.515513537488258	0.681670673476676	0.49017740228953	0.477845493996636	0.725259234719252	0.737806853280398	0.72978585455209	-0.506410309513201	0.819158507647875	-0.146190300096692	-0.23644527817739	0.246296147410924	0.118156224713939	-0.35744057001403	0.593308249849241	0.694396441763662	0.557231460563508	0.777548767400725	0.537772331027108	0.527899364138681	0.523223784360849	0.572388881309418	0.673155124937913	0.449948144269845	0.691881912474861	0.431242448294097	0.411450566332332	-0.393927705356155	0.458771506220241	0.577763817985346	0.771757160633895	0.156684748149995	-0.175671397694316	-0.407121784421279	0.377923859594379	0.489881911522203	0.445071544082417	0.739461081841384	0.132084157081502	0.210764103828599	-0.324645557521649
"ELF1"	0.497250812466396	0.454283696141346	0.558808552612195	0.288575115175248	0.443999643822477	0.413652313859658	0.709047000393477	-0.00382776675297411	0.0744715087114858	0.567956340028617	0.648773573492471	0.393543422406938	0.244823761383482	0.719720511307858	1	0.187929043305729	0.687149049446572	0.296059551029503	0.453729382402903	0.261932044791645	0.378560896690207	-0.265867434506835	-0.210700673330156	0.431935530418074	0.129454743507812	-0.200465786849237	0.107620294415905	0.426154846086569	-0.199944750812657	0.373060431858533	-0.194815044198933	0.688970776853968	0.451067551848205	0.573122130899194	0.124859060187097	0.409662996550368	0.58735567059604	0.379489241289412	0.372083724269038	0.585838149353085	0.61566752324285	0.581519773866864	-0.329335239280354	0.652388465590099	-0.0166792365849759	-0.0860983335008213	0.250565276509256	0.0832387722700779	-0.24084219886341	0.684341564930372	0.551225306718622	0.617810073913836	0.63046204027992	0.498138790911509	0.423484760196282	0.370406142437945	0.560823127383542	0.520489509174438	0.417151551051829	0.611529314016252	0.316689647281122	0.405932835316411	-0.226709863298825	0.611386428117799	0.523016801482958	0.637210656806878	0.198049941865792	-0.163153321773136	-0.263582844285103	0.355729907395744	0.426494981412822	0.324245712092243	0.729506632064228	0.18315841017923	0.209966989077105	-0.301671535746131
"EZH2"	0.176033307584546	0.100908628408566	0.242761106910288	-0.00681134032141612	0.236368397127351	0.153552288563573	0.169665154981035	0.00383243931342176	0.00546379903194796	0.260470452512451	0.191788407268321	0.122942612946235	0.437386417294249	0.298167365958237	0.187929043305729	1	0.176214071133696	-0.0513280914765967	0.0624434878585659	-0.0162121083354942	0.569569333119877	0.147820744774498	0.384843980300213	0.386208266932505	0.540415422658545	0.209947547498409	0.503267645020805	0.487825163676278	0.203528173568535	0.455939521923955	0.208914215598496	0.168057495509453	0.0447665223796651	0.0918272427895481	0.0434553983160957	0.145728008724784	0.179893289204314	0.162723257835707	0.156899623748048	0.243365129814883	0.27783630661477	0.233624073042732	-0.18835327000596	0.241519873246738	-0.101891961273067	-0.138804156040273	0.0752997014062057	0.0355712347346358	-0.161919930672349	0.159409995371339	0.218144781250093	0.088816465776622	0.254821452494253	0.0993626345920497	0.178502256698401	0.208922152044422	0.178288494093928	0.234676086253405	0.0732150281094494	0.224178820604861	0.173625385634449	-0.0182175184273272	-0.172844609190952	0.0806083376158378	0.157285304870508	0.225472317482439	-0.0630138741187115	-0.108323403267838	-0.177017734534503	0.0924588864265171	0.115523137233666	0.191808479522558	0.215351058069198	-0.0112062478082147	0.110454985682951	-0.118297192564943
"FOSL2"	0.537803726044487	0.4661765277753	0.560331793326034	0.356389204494169	0.391489755004966	0.45158535242488	0.689329622251526	0.00294319195546037	0.205457106436	0.53650324964022	0.577088741821199	0.360591108714025	0.225175505233693	0.650118166952616	0.687149049446572	0.176214071133696	1	0.425947637759343	0.53366879266264	0.132591562438287	0.276139845527174	-0.128443141906212	-0.190545925481035	0.364829885428379	0.0496965233552466	-0.148737605384815	0.116568915104969	0.329427333953293	-0.252546132999009	0.274695088197377	-0.157474188528537	0.701812971475209	0.526054135715322	0.621468722430246	0.0972275780489059	0.533818461985832	0.672929322560922	0.431960833850227	0.397812028014251	0.533863080995046	0.562295193280535	0.534087894366223	-0.203586698833205	0.594218540187701	0.0879455158778856	0.0200929420790153	0.28120883471919	0.0561231391899902	-0.194910586975228	0.668018884561474	0.545789364308233	0.688856016461746	0.5618893349542	0.441339594986277	0.417638945100169	0.372680068349942	0.585776760916144	0.486625255719255	0.458973589143982	0.500591507209843	0.35762848448922	0.454121458900886	-0.212247633416787	0.583771352880989	0.415701089056484	0.573661229103831	0.218858946180841	-0.127338931138036	-0.144842581196426	0.285275887074511	0.40931234871201	0.317799662527339	0.649707505491307	0.166184847756412	0.216673774521526	-0.28193091922918
"FOXA1_SC1"	0.287204123015978	0.194523807615913	0.12242296894602	0.361758714114706	-0.0489734843582793	0.229712050555097	0.314721665170691	-0.0138498909746598	0.157311565000823	0.0648388876354569	0.187340090877038	0.167707579152596	0.00476341262361	0.161347921923516	0.296059551029503	-0.0513280914765967	0.425947637759343	1	0.732665484535687	0.103966299057251	-0.0801220753822134	0.0457851129830059	-0.109487750522164	0.0788066124295822	-0.170388961969378	-0.092801699698842	-0.0416612076224832	-0.0866459946686794	-0.260247044022983	-0.0828133236715499	-0.0737383767533698	0.471131643535658	0.47566583769302	0.47592460593354	-0.0233039937850569	0.207170285739875	0.227991815077436	0.123437758215682	0.102837021730983	0.0728199393752185	0.135031795026687	0.0827862278366833	0.238529616965145	0.152199069155647	0.409116159148116	0.404818261934177	0.268222596238488	-0.0379720530447	0.0633216822701728	0.341805353057406	0.159661754186676	0.58085500005982	0.0838663086631789	0.192295374705739	0.0365175110157387	0.0918285134163754	0.329675770240319	0.0279525075048505	0.2980400978307	0.0592789076774377	0.133006409398483	0.438770036391387	-0.0103429237792185	0.380609083845319	0.0613570708081861	0.15390489511312	0.255937229201479	0.109957582435679	0.323511748474271	0.0694732524557743	0.126012357508888	-0.0578962680483841	0.20569090891388	0.0544927465911695	0.130287962273195	-0.0630599419087191
"FOXA1_SC2"	0.441083820289323	0.221704156848651	0.292491668743462	0.302675300581661	0.0889258521662886	0.344104316501718	0.435977278749353	0.00505533686860289	0.155891352985198	0.238102835358516	0.393581260709326	0.208352550537214	0.0833081595525535	0.398624713742409	0.453729382402903	0.0624434878585659	0.53366879266264	0.732665484535687	1	0.0393600287563447	0.119285971120521	0.020808944165325	-0.138024757929797	0.231457784634406	-0.0739647753265871	-0.170955581317775	0.0908197099755052	0.091072598227606	-0.255086156647522	0.0770651158015365	-0.118792363151201	0.62713284045237	0.492805750723808	0.574007641960261	0.00341006097942876	0.319355449666708	0.397472077595625	0.253351264128104	0.232545642832364	0.231014614052081	0.348414910128496	0.252675748457902	0.0102223656132864	0.393002149316285	0.267310140835247	0.245870578845017	0.360705088351824	-0.0319089932081788	-0.0765679348480188	0.374158310324559	0.317358253071973	0.707769892982035	0.262664556368467	0.315584778255499	0.138044026878948	0.203538661951323	0.422727260275628	0.187640433924759	0.402136731508291	0.270430341237875	0.235198694182503	0.475393159068362	-0.205413132940504	0.476712545513824	0.183955778837956	0.347069846978504	0.220571059552574	0.108740238120581	0.140877713787226	0.131218143421288	0.255859313240599	0.0470789891421648	0.355029834450286	0.0816497853706927	0.218948543726331	-0.0775413526811551
"GABP"	0.0459565463113469	0.117952156591282	0.064007089277005	0.0823545043102608	0.090384772927452	0.0580213960251753	0.152632660189308	-0.000344078841993087	-0.0111137682846703	0.0845222893869235	0.126769053258928	0.065185843342034	0.0119413374303304	0.0869365990838105	0.261932044791645	-0.0162121083354942	0.132591562438287	0.103966299057251	0.0393600287563447	1	0.0361050346334927	-0.137913664905488	-0.0470499628006214	0.0311813522064182	-0.0175852721705512	-0.0392487511209247	-0.143560751912106	0.0226227268666378	-0.0821620750315242	0.00805067373472414	-0.0471589024945696	0.0507153267134941	0.0798806918146702	0.0645081377272066	0.0621423032465575	0.052324831933551	0.0501854262575892	0.043443534562891	0.0419611098716306	0.10888096093034	0.0419650325607311	0.106424641749261	0.0425335600453359	0.075218359718162	0.102383257222029	0.0832653100099504	-0.0303651011809049	0.0431224814607953	0.264383099560912	0.268436415626428	0.060264756923821	0.0642685472483007	0.0902702788961456	0.239069358861088	0.0663672793098153	-0.00417330317075461	0.0127813784719898	0.0974484552668877	0.00974862013953414	0.102894028278634	-0.0182787162613985	0.129727909561097	0.190765737293779	0.147057398123311	0.336346774906001	0.098384932239857	0.0319179854011659	-0.125285741411889	0.0238519940570157	0.209886783538022	0.0490441478435514	0.0426319369701685	0.165110111164523	0.050324268658537	-0.0378380347351898	-0.130513477600032
"H2AZ"	0.272314611826939	0.168050602753938	0.380551889604414	-0.027357684618643	0.356353530021151	0.221479939566344	0.301242761386095	-0.0128094046284114	-0.0213932733315292	0.390630621820264	0.372002975653849	0.151361710853984	0.400014985876872	0.535870773067145	0.378560896690207	0.569569333119877	0.276139845527174	-0.0801220753822134	0.119285971120521	0.0361050346334927	1	0.00356812098097517	0.155533409874077	0.579372901719195	0.514894837427604	-0.00886684144187534	0.583719070569029	0.663377719444073	0.0529534570952875	0.627363448976226	-0.1202845518492	0.259948806526542	0.0465704850715344	0.13503477086315	0.0832064973980712	0.221756811395561	0.257829738436777	0.247455911279396	0.23782447302819	0.409698537593787	0.454279867552388	0.38442994793664	-0.367312329512479	0.433871848465906	-0.169851280035713	-0.248308903710083	0.0692764071570962	0.067497526077628	-0.30228882305501	0.290346098172125	0.323509633014538	0.154896852603991	0.470628932936543	0.314548299987239	0.252400080230747	0.257880853301542	0.228480967616063	0.379423986007038	0.0700130748752163	0.384574403061011	0.208627792992453	0.0146505473021181	-0.292514503230908	0.166746969247674	0.343724959413624	0.43366436598213	-0.127908154169036	-0.221454694618361	-0.35261011156318	0.198666619930728	0.198597783077771	0.276705087682073	0.412351853876021	-0.0546797344947981	0.132335885018126	-0.17984821297986
"H3K04ME1"	-0.133442423990912	-0.175409930547662	-0.191842316370454	-0.0359482813161694	-0.269458897646452	-0.0687293959016075	-0.242472826833909	0.0118093007771543	0.0702032545784673	-0.247249381122139	-0.264480229871934	-0.153609280537219	0.0121081742873019	-0.24148067814595	-0.265867434506835	0.147820744774498	-0.128443141906212	0.0457851129830059	0.020808944165325	-0.137913664905488	0.00356812098097517	1	0.270468206417581	-0.189612613217271	-0.282904767885262	0.287068143843125	0.259605985611199	-0.308495594714543	-0.0667877642131851	-0.302043710554136	0.140898402840628	-0.140546970820333	-0.0498902819113166	-0.0525850795234851	-0.094268342920523	-0.0767506416283823	-0.220141686127086	-0.114334314527827	-0.128682648607516	-0.245207496346679	-0.225386317341932	-0.264372705137172	0.203844447869671	-0.256517388347672	0.101751114388619	0.144984453525104	-0.0235678044060529	-0.0618477339195128	0.0743748549496015	-0.378494560811999	-0.209038524200139	-0.0190872421583912	-0.315376081869317	-0.221525418852938	-0.217532572561646	-0.151548682247763	-0.172649563206264	-0.253699951296794	-0.105422030545295	-0.50180706885067	-0.0624466597392608	-0.0369972304377517	-0.0623785471003769	-0.157455725311579	-0.435887848466287	-0.305424564300273	-0.125995848953179	0.212905134103583	0.267667802929206	-0.140012301310451	-0.149851935057086	-0.145772132173192	-0.313705049742905	-0.14670170465866	-0.0520741137812449	0.230109362475935
"H3K09ME3"	-0.174908427588914	-0.0910868554807146	-0.158455936280425	-0.0937959713195844	-0.112606445962269	-0.12952202114785	-0.204461118035734	0.028813608394111	-0.0274246452643069	-0.166321407389529	-0.207575438106294	-0.0876919551553933	0.200860583474911	-0.236124519433254	-0.210700673330156	0.384843980300213	-0.190545925481035	-0.109487750522164	-0.138024757929797	-0.0470499628006214	0.155533409874077	0.270468206417581	1	0.0429858488392964	0.280184934427023	0.366568053701581	0.230923857945771	0.0508757335992035	0.326084629107206	0.0780499390225111	0.363756749265762	-0.197395579468806	-0.15559565577132	-0.165337554257307	-0.0212467305397749	-0.119416724876079	-0.201145661047934	-0.115709997340085	-0.113002656804622	-0.17221669406923	-0.188081262739585	-0.175768802294232	0.0768876063408758	-0.207798820284947	-0.0261676088669007	0.000796162109920125	-0.0829837624425826	-0.0132707575324178	0.0862935535227793	-0.19693685145149	-0.174088469315793	-0.175411929145962	-0.199612652263302	-0.179940926877174	-0.136262897376427	-0.117244360389382	-0.164684528970545	-0.156344253635981	-0.157174971540416	-0.171501701147842	-0.0740297481537707	-0.174225185095004	0.0598304018584099	-0.158424829632336	-0.154930681437995	-0.20533613063927	-0.107218350694391	0.0367164135111504	0.0664677060623835	-0.12164720634412	-0.135647831037573	-0.0646158863376038	-0.225330451196073	-0.0706372016823984	-0.0661659976893608	0.0984661872922815
"H3K27AC"	0.371235080953667	0.173403874490842	0.414773196525365	0.0450338801439077	0.340367805176034	0.270791771131956	0.389775528101549	-0.00967144222529971	0.0483526201768612	0.413293855684564	0.443636961256919	0.124508838413802	0.311211251284978	0.550353341324708	0.431935530418074	0.386208266932505	0.364829885428379	0.0788066124295822	0.231457784634406	0.0311813522064182	0.579372901719195	-0.189612613217271	0.0429858488392964	1	0.564088134953288	-0.0671382438387713	0.539266681546124	0.747377003670369	0.220852486006909	0.862395696191218	-0.00529983179430599	0.376249978206605	0.205742519220161	0.291543735520001	0.0726950779421405	0.300262140371036	0.37606444822865	0.286658693522857	0.277605437876266	0.43039095050107	0.518463997356635	0.400330234771497	-0.221308724957068	0.491848779630571	0.0114058222143341	-0.0379934773383769	0.254673455184978	0.0240151274348095	-0.234462409203992	0.431356359325811	0.411248684680103	0.312140071005669	0.630502320513992	0.472902706857529	0.388842032986413	0.270947974812607	0.305442976212188	0.374952428506854	0.223953698096034	0.483994315630613	0.242107682279379	0.159821180696828	-0.270846108020229	0.222189835772795	0.46737091700846	0.552356715140527	0.0117669044775452	-0.134107141345615	-0.219025518018303	0.190123403204864	0.243467009023296	0.258993304812243	0.485108463938125	0.018621452230343	0.208020521567926	-0.205460513897089
"H3K27ME3"	0.0651604222713953	0.101304895179601	0.168825156047125	-0.0935149938831486	0.244334741068945	0.0499286183956895	0.105935740456364	0.00633173752434377	-0.0611035413547023	0.20837042715608	0.143685420395816	0.0570339444926501	0.320393185840704	0.208787539188361	0.129454743507812	0.540415422658545	0.0496965233552466	-0.170388961969378	-0.0739647753265871	-0.0175852721705512	0.514894837427604	-0.282904767885262	0.280184934427023	0.564088134953288	1	0.0449164305670722	0.542145440249046	0.695264892735377	0.507096352507319	0.716917277319369	0.241151754232384	0.0562306764752649	-0.0703392903667075	-0.0320886838868713	0.0481316004846852	0.0357288071287667	0.0841869154349976	0.0950926547910409	0.0884279014695292	0.197721573625463	0.233722491533475	0.16786358180061	-0.184213858331478	0.173162061909433	-0.135031967423421	-0.180251067606468	0.0411874793373225	0.0310371322561893	-0.143382617696888	0.200363059854435	0.142786758063057	-0.0835693087788289	0.296621649678468	0.110977476418617	0.186266807181371	0.147624627314631	0.102771101285481	0.198479276056545	-0.0536662904787893	0.349375278907449	0.1016280539302	-0.190018035084032	-0.108171277696686	0.00312406294794312	0.263692575198901	0.228693186443458	-0.131890704039891	-0.21524282732553	-0.261157636492236	0.0151757179803033	0.0384421584949541	0.180919634810558	0.191725438992138	-0.0449304460656892	0.107897016505356	-0.165050127367594
"H3K36ME3"	-0.16702353044711	-0.0445725494557382	-0.145972171804665	-0.0469922333015852	-0.0868777982866988	-0.116975483440305	-0.170233481397273	0.00898708833088724	-0.0315347423787727	-0.135636794944116	-0.191847541145861	-0.0404359554907919	0.154892797184346	-0.241501753288999	-0.200465786849237	0.209947547498409	-0.148737605384815	-0.092801699698842	-0.170955581317775	-0.0392487511209247	-0.00886684144187534	0.287068143843125	0.366568053701581	-0.0671382438387713	0.0449164305670722	1	0.123884385225941	-0.0279371328255046	0.262586663876574	-0.0213417583029105	0.391386795281334	-0.186620935854366	-0.118115611806553	-0.147015935443001	-0.0383382437499851	-0.123372931837086	-0.146422176506794	-0.108168585135416	-0.110375729281498	-0.147944648085224	-0.183064867740914	-0.17051951860524	0.121676527253416	-0.232629586784554	-0.0330883681554587	-0.0182797577941121	-0.0685913672529613	-0.000197411577419328	0.0724563436163736	-0.159624949591325	-0.148784470438961	-0.182137388983375	-0.166802579118056	-0.14903924012647	-0.0268623041675858	-0.089832453288076	-0.12419198978209	-0.133867184067884	-0.116038892203178	-0.223709543670149	-0.0664199835602638	-0.160003369815006	0.101667326200506	-0.158745984202892	-0.192115201649633	-0.235425609124916	-0.0605651408903592	0.018671016016265	0.0573962852609347	-0.103224347612196	-0.120174783961194	-0.0453761641815258	-0.185388555303419	-0.0228632067362971	-0.0575392073265869	0.0599600379288848
"H3K4ME2"	0.156815688203807	0.0320154463311961	0.187912633247471	-0.0498783545814419	0.144230381808358	0.131805296564864	0.0922537868700204	0.000336130413333156	0.0363335417185432	0.176944832616536	0.133251849925807	0.0432407580860602	0.328969429033418	0.278005397037467	0.107620294415905	0.503267645020805	0.116568915104969	-0.0416612076224832	0.0908197099755052	-0.143560751912106	0.583719070569029	0.259605985611199	0.230923857945771	0.539266681546124	0.542145440249046	0.123884385225941	1	0.660977394074019	0.361732042112967	0.629278431789626	0.199529706295105	0.166262478168156	0.0104467792553704	0.0717575066720796	0.0171643223422767	0.124604513231012	0.0820129784552161	0.134225574642936	0.118968237734962	0.179448783351136	0.270203612394216	0.146013933967473	-0.0936662236443286	0.187195388711462	-0.0268456323817119	-0.0694487913806984	0.109623510363843	0.0102049631941252	-0.19155371586375	0.0501469638454497	0.162344115459562	0.0726538734403861	0.260498974807746	0.122471443718671	0.142149673609964	0.18313483272223	0.153317731520913	0.161288557834929	-0.00239922372227028	0.158398786936305	0.169900276606193	-0.0784647517968828	-0.265397922819321	-8.39971994343875e-05	0.0382372468542609	0.193172684706028	-0.164978564562361	-0.0752059926463729	-0.114897594417896	-0.00373403667659275	0.040637258448765	0.131972618338748	0.141723978924059	-0.150304464597454	0.129653675395275	-0.040258349211236
"H3K4ME3"	0.343450234428257	0.272090246974564	0.482562082152932	0.00896914351302131	0.502468596329855	0.276163177508725	0.413262455399654	-0.0197877015760596	-0.010686565544986	0.530957249112148	0.425981583435271	0.207410623093839	0.389131108203115	0.611504632690603	0.426154846086569	0.487825163676278	0.329427333953293	-0.0866459946686794	0.091072598227606	0.0226227268666378	0.663377719444073	-0.308495594714543	0.0508757335992035	0.747377003670369	0.695264892735377	-0.0279371328255046	0.660977394074019	1	0.376470688530471	0.918164426167472	0.0923349211776656	0.357256968968791	0.109253120254568	0.196409866337051	0.134474869121873	0.264197331970556	0.370666871540074	0.3046744721113	0.30216051769572	0.532392797308643	0.545033689210581	0.511305292154039	-0.397081830592836	0.497668334399281	-0.209302040487773	-0.278457111510419	0.111781124759195	0.100949686552013	-0.307285065943164	0.441829632334457	0.460186221439292	0.160349827565311	0.623725021704405	0.318490643006838	0.425966619492034	0.360559208970869	0.344399486437265	0.494468454690352	0.152552026392694	0.597745414808036	0.253282210337019	0.00665694119724884	-0.258462731330271	0.172534769044345	0.461329578647051	0.530407223639337	-0.0468646085385719	-0.286188444472409	-0.445013323585205	0.214256314511713	0.241697517313411	0.358539341275105	0.552821300095979	0.00880007580782258	0.163671929063617	-0.299932300758202
