# R script for Peak Model
#  -- generated by MACS
p <- c(0.0423783273746,0.0491964771326,0.0567787298806,0.0649095693907,0.0720020125297,0.0716689419956,0.0722371211421,0.0723742678326,0.0731187784383,0.0729228545947,0.0732559251289,0.0741963595782,0.0731187784383,0.0720020125297,0.0718060886861,0.0721195668359,0.0717669039174,0.0714338333832,0.0707872846993,0.0708656542367,0.0704346217808,0.0695333721001,0.0704542141651,0.0710223933116,0.0711791323865,0.070826469468,0.0709832085429,0.0706501380088,0.0711791323865,0.0708656542367,0.0708656542367,0.071041985696,0.0704933989339,0.0698860350186,0.0703954370121,0.0708656542367,0.0711203552334,0.071531795305,0.0712770943083,0.0718844582236,0.0724918221388,0.0724918221388,0.0723546754482,0.07245263737,0.07245263737,0.0727661155198,0.0719824201454,0.0717081267643,0.0718648658392,0.0716297572268,0.0703562522433,0.0711007628491,0.0718648658392,0.0715122029207,0.0711203552334,0.0712183171552,0.0717277191487,0.0729424469791,0.0732559251289,0.0729032622104,0.0734714413569,0.0734518489725,0.0730404089009,0.0742943215001,0.0749212777996,0.0744118758062,0.0740396205034,0.0732167403602,0.0738436966597,0.0741179900408,0.0741963595782,0.0737653271223,0.0738632890441,0.0723350830639,0.0723742678326,0.0727073383667,0.072883669826,0.0732363327445,0.0722958982951,0.0725701916762,0.0717277191487,0.0725310069075,0.0727465231355,0.0736673652005,0.0731187784383,0.0730404089009,0.0733930718194,0.073314702282,0.0736085880474,0.0736869575848,0.0744902453437,0.0731775555914,0.0730208165165,0.0730012241322,0.072668153598,0.0722567135264,0.0722371211421,0.0721587516046,0.0723742678326,0.0720999744515,0.0720607896828,0.0720803820672,0.072393860217,0.0719236429923,0.0716885343799,0.0720999744515,0.0719040506079,0.0711791323865,0.0704933989339,0.0704150293964,0.0707089151618,0.0709440237742,0.070336659859,0.070121143631,0.0709636161585,0.070121143631,0.0699839969405,0.0705521760869,0.0708460618524,0.071041985696,0.0702386979372,0.0706697303931,0.0716493496112,0.0726877459824,0.0727269307511,0.0741963595782,0.0746861691873,0.074451060575,0.0746861691873,0.0744902453437,0.0753131254869,0.0750584244902,0.0747449463404,0.0745882072655,0.0741375824252,0.0739808433503,0.0740396205034,0.0741963595782,0.0744706529593,0.0747057615717,0.0748625006465,0.0744902453437,0.0745294301124,0.0743922834219,0.0736477728161,0.0730012241322,0.0733538870507,0.0731971479758,0.0728640774416,0.0721587516046,0.0713358714614,0.0714534257676,0.0709244313898,0.0704542141651,0.0709440237742,0.0707872846993,0.0694550025627,0.0698860350186,0.070121143631,0.0701995131684,0.0706893227775,0.0703758446277,0.0699644045561,0.0707480999306,0.0712379095396,0.0713750562301,0.0713946486145,0.0715905724581,0.0710028009273,0.0709832085429,0.0714142409989,0.0723546754482,0.0738241042754,0.0739808433503,0.0735302185099,0.0733930718194,0.0740592128877,0.0736085880474,0.0733930718194,0.0741375824252,0.0738828814285,0.0737065499692,0.0731971479758,0.0722175287577,0.0722958982951,0.0728053002886,0.0722958982951,0.0729228545947,0.0728640774416,0.0724722297544,0.0718060886861,0.0715709800738,0.0712966866927,0.0719236429923,0.0724918221388,0.072393860217,0.0732559251289,0.0727857079042,0.0737457347379,0.0737261423536,0.0738241042754,0.0737261423536,0.0736085880474,0.0735498108943,0.073099186054,0.0739220661972,0.0739612509659,0.0739808433503,0.074020028119,0.0743726910375,0.0747449463404,0.0750976092589,0.0759008970177,0.0759204894021,0.0761555980144,0.0759008970177,0.0753327178712,0.0743530986531,0.0731187784383,0.0730795936696,0.0725897840606,0.0719040506079,0.0706501380088,0.0698664426343,0.0697880730968,0.0693962254096,0.0695921492532,0.071041985696,0.0718060886861,0.0710615780804,0.0717277191487,0.0725310069075,0.0730012241322,0.0734714413569,0.0731775555914,0.073588995663,0.0732755175132,0.0724330449857,0.0726877459824,0.0728640774416,0.0727857079042,0.0721979363733,0.072883669826,0.0729620393635,0.0736085880474,0.0736085880474,0.0740983976564,0.0740592128877,0.0741571748095,0.0746273920342,0.0745294301124,0.0752151635651,0.074509837728,0.0750584244902,0.074235544347,0.0740592128877,0.074235544347,0.0741179900408,0.0741375824252,0.073588995663,0.0727661155198,0.0728053002886,0.0723350830639,0.0715122029207,0.0724918221388,0.0725701916762,0.072178343989,0.0732363327445,0.0723350830639,0.0734322565881,0.0746861691873,0.0748037234935,0.0758421198646,0.0759400817864,0.0754502721774,0.0753914950243,0.0760380437083,0.0755286417149,0.0768413314671,0.0770176629263,0.0763907066268,0.0768609238515,0.0769197010045,0.078408722216,0.0783891298317,0.0785850536753,0.0781148364506,0.0787613851346,0.0784283146004,0.0781932059881,0.0780952440663,0.0778601354539,0.0774486953823,0.0765082609329,0.0776250268416,0.0774095106136,0.0773311410761,0.077703396379,0.0778013583008,0.0783107602942,0.0804855149584,0.0813083951016,0.0823271990884,0.0839337746061,0.0840121441435,0.0858734206579,0.0874212190225,0.0880873600908,0.0899094518364,0.0914768425854,0.0924564618035,0.093083418103,0.0940238525524,0.0947095860051,0.0957087976075,0.0957283899919,0.0961398300635,0.0966492320569,0.0973153731252,0.0965904549038,0.0957675747606,0.0966492320569,0.096492492982,0.0957283899919,0.0961006452948,0.09486632508,0.0952777651516,0.0952189879985,0.0944940697771,0.0947683631582,0.0947291783894,0.0937103744026,0.0943569230866,0.0944940697771,0.0936711896339,0.0953169499203,0.0951602108454,0.0952385803829,0.0949838793861,0.0954736889952,0.096002683373,0.0965512701351,0.096492492982,0.0968647482849,0.0969823025911,0.0961398300635,0.0967276015943,0.0971782264347,0.097413335047,0.0972370035878,0.097628851275,0.097413335047,0.0975308893532,0.0972565959721,0.0977464055812,0.0982166228058,0.0979227370404,0.0976876284281,0.0976092588906,0.0987260247993,0.0980011065779,0.0975308893532,0.0976092588906,0.0983537694964,0.0982558075746,0.0984321390338,0.097628851275,0.0977464055812,0.0980794761153,0.0962377919853,0.0963945310602,0.0970410797441,0.0970998568972,0.0966100472882,0.0976680360437,0.0974329274314,0.098118660884,0.0984321390338,0.0974917045845,0.0987260247993,0.0992746115614,0.0994901277894,0.0987848019523,0.0988043943367,0.0979031446561,0.0984909161869,0.0985301009556,0.0978835522717,0.0987456171836,0.0985301009556,0.0980794761153,0.0981578456528,0.0984125466495,0.0983733618807,0.098118660884,0.0980402913466,0.0974917045845,0.0967863787474,0.0968647482849,0.0965316777507,0.0962573843697,0.0963357539071,0.0958459442981,0.0957675747606,0.0964533082133,0.0968843406692,0.0975504817375,0.0995293125581,0.0993529810988,0.0993921658676,0.0998819754766,0.0997840135548,0.100665670851,0.10115548046,0.100920371848,0.100117084089,0.100195453626,0.0992354267927,0.0991962420239,0.0996272744799,0.0994313506363,0.099686051633,0.100254230779,0.0995293125581,0.0988043943367,0.099039502949,0.0992942039457,0.0988435791054,0.098980725796,0.0982753999589,0.0992746115614,0.099255019177,0.0982558075746,0.0988435791054,0.0991962420239,0.0991374648709,0.0992158344083,0.0998231983235,0.100117084089,0.0999407526297,0.0996664592486,0.0987848019523,0.0990199105647,0.099255019177,0.0995293125581,0.0998036059392,0.0992746115614,0.0993725734832,0.0994313506363,0.0997252364017,0.0985888781087,0.0995293125581,0.0997644211704,0.0989415410272,0.0994313506363,0.0997840135548,0.0996272744799,0.0994313506363,0.0986868400305,0.0985692857244,0.0995489049425,0.0993725734832,0.0995880897112,0.101037926154,0.100430562239,0.10007789932,0.10039137747,0.099686051633,0.100410969854,0.101370996688,0.101547328147,0.100508931776,0.100234638395,0.0998819754766,0.100352192701,0.100802817542,0.101312219535,0.102076322525,0.102801240747,0.102193876831,0.101410181457,0.102468170212,0.102095914909,0.102311431137,0.102428985444,0.102115507294,0.101723659607,0.102605316903,0.102722871209,0.103330235124,0.103369419893,0.10393759904,0.105309065945,0.104975995411,0.10470170203,0.105211104023,0.105622544095,0.105230696407,0.104858441105,0.104368631495,0.104623332492,0.10452537057,