# R script for Peak Model
#  -- generated by MACS
p <- c(0.0421802477608,0.0493262668928,0.0560172960427,0.0633238998744,0.070764324289,0.070630503706,0.0711390219214,0.071433427204,0.070764324289,0.0696134672752,0.0684358461449,0.0676329226469,0.0676329226469,0.0666961785659,0.0660003115343,0.0656523780185,0.0651973880363,0.0653044445027,0.0657059062517,0.0651438598031,0.0655720856687,0.0658932550679,0.0663482450501,0.0663482450501,0.0662411885837,0.0665088297497,0.0668032350323,0.0672582250145,0.0674455738307,0.0674188097141,0.0672582250145,0.0673920455975,0.0670708761983,0.0674188097141,0.0674455738307,0.0677399791133,0.0674455738307,0.0671244044315,0.0674455738307,0.0680611485125,0.0679273279295,0.0678202714631,0.0674991020639,0.0677935073465,0.0674991020639,0.0683287896785,0.0690781849433,0.069961400791,0.0690514208267,0.0688640720105,0.0683555537951,0.0679273279295,0.0682752614453,0.0673652814809,0.0680343843959,0.0665623579829,0.0657594344849,0.0648762186371,0.0649565109869,0.0650100392201,0.0659735474177,0.0671779326647,0.0669370556153,0.0668032350323,0.0666961785659,0.0672849891311,0.0682752614453,0.0674991020639,0.0677667432299,0.0677667432299,0.0672314608979,0.0667764709157,0.0672046967813,0.0677935073465,0.0676061585303,0.0677399791133,0.0669638197319,0.0674455738307,0.0682484973287,0.0686499590777,0.0682217332121,0.0685696667279,0.0685161384947,0.0683823179117,0.0681414408623,0.0679273279295,0.0680879126291,0.0689978925935,0.0681682049789,0.0674723379473,0.0684626102615,0.069559939042,0.0693458261093,0.0695331749254,0.0700416931408,0.0709516731052,0.0712728425044,0.0713263707376,0.0712193142712,0.0717813607198,0.071834888953,0.0693458261093,0.0690781849433,0.0693993543425,0.0695064108088,0.0688105437773,0.0680343843959,0.0669370556153,0.0672314608979,0.0663482450501,0.0656256139019,0.0663214809335,0.0664820656331,0.0669905838485,0.0674188097141,0.0677132149967,0.0674188097141,0.0679808561627,0.0685964308445,0.0690514208267,0.0696669955084,0.0698543443246,0.0704431548898,0.069961400791,0.0695064108088,0.0700416931408,0.0704431548898,0.0706037395894,0.0707107960558,0.0713263707376,0.070898144872,0.071299606621,0.0702558060736,0.0711390219214,0.0721292942356,0.0714066630874,0.0713531348542,0.0711122578048,0.0709249089886,0.0708446166388,0.0717545966032,0.073440735949,0.07437748003,0.0729322177336,0.0714066630874,0.0714601913206,0.0726645765676,0.073173094783,0.073574556532,0.0732266230162,0.072771633034,0.07036286254,0.069961400791,0.0702825701902,0.0699881649076,0.0701219854906,0.0695064108088,0.0688640720105,0.0687570155441,0.0690514208267,0.0693993543425,0.0697740519748,0.0695331749254,0.0706572678226,0.0713263707376,0.071031965455,0.0707107960558,0.0708446166388,0.0700684572574,0.0692387696429,0.0688105437773,0.0695867031586,0.0703093343068,0.0702022778404,0.0700149290242,0.0694528825757,0.0699881649076,0.0692387696429,0.0696669955084,0.070095221374,0.0698543443246,0.0690781849433,0.0692387696429,0.0683555537951,0.0683020255619,0.0683020255619,0.0680879126291,0.0691317131765,0.0692387696429,0.0696669955084,0.070095221374,0.0693993543425,0.069559939042,0.0694261184591,0.0693725902259,0.0704699190064,0.070898144872,0.071433427204,0.0716743042534,0.0715137195538,0.0712728425044,0.0717278324866,0.0711122578048,0.0708178525222,0.0711925501546,0.0705502113562,0.0705502113562,0.0703360984234,0.0692922978761,0.0691317131765,0.0700416931408,0.0703360984234,0.0700684572574,0.071433427204,0.0711925501546,0.0715137195538,0.07036286254,0.0695331749254,0.069961400791,0.0704431548898,0.0690781849433,0.0694528825757,0.0699346366744,0.0687302514275,0.0689978925935,0.0691317131765,0.0705769754728,0.0710052013384,0.071031965455,0.070898144872,0.0715404836704,0.0712193142712,0.0717545966032,0.0719419454194,0.0716743042534,0.0717545966032,0.0713263707376,0.0715940119036,0.0717278324866,0.0717813607198,0.0716743042534,0.0719954736526,0.0717545966032,0.0718081248364,0.0726110483344,0.0722631148186,0.0718081248364,0.072102530119,0.072905453617,0.0729857459668,0.0732533871328,0.0730660383166,0.0727181048008,0.073306915366,0.0736280847652,0.0728251612672,0.0729322177336,0.0722898789352,0.0715137195538,0.0722898789352,0.0719419454194,0.0715404836704,0.0709249089886,0.070898144872,0.070229041957,0.0709784372218,0.0704699190064,0.0707107960558,0.0711925501546,0.070496683123,0.0701755137238,0.0713798989708,0.0731463306664,0.0726645765676,0.0725307559846,0.0733336794826,0.0745915929628,0.0749127623619,0.0745648288462,0.0736816129984,0.0749395264785,0.0741901312138,0.073708377115,0.0744042441466,0.0749930547117,0.0742704235636,0.0744042441466,0.0738689618146,0.0744042441466,0.0755551011603,0.0749662905951,0.0757959782097,0.0758762705595,0.0750198188283,0.0755015729271,0.0768665428737,0.0767059581741,0.0777229946049,0.0776694663717,0.0779906357709,0.0790076722017,0.0793288416009,0.0808276321304,0.0834505155572,0.0843604955216,0.0856451731183,0.0878665947961,0.0892583288593,0.0915332787702,0.0935138233986,0.0947449727622,0.0962972915249,0.0983313643865,0.0993216367007,0.100151324315,0.101114832513,0.101195124863,0.101676878961,0.101596586612,0.101917756011,0.102747443625,0.102774207742,0.101569822495,0.101382473679,0.102131868944,0.101676878961,0.101783935428,0.101810699544,0.101998048361,0.102586858926,0.102051576594,0.102265689527,0.102479802459,0.102854500092,0.102453038343,0.102586858926,0.103015084791,0.103791244173,0.103710951823,0.102827735975,0.103389782424,0.104165941805,0.104433582971,0.103898300639,0.103791244173,0.103818008289,0.102560094809,0.10239951011,0.102827735975,0.104058885339,0.104433582971,0.103255961841,0.103122141258,0.103470074774,0.103095377141,0.102613623042,0.103791244173,0.103764480056,0.104085649455,0.103068613025,0.102908028325,0.102800971859,0.101543058378,0.101917756011,0.101917756011,0.102372745993,0.101730407195,0.101730407195,0.101168360746,0.101596586612,0.100713370764,0.101221888979,0.102212161293,0.102024812477,0.103791244173,0.103898300639,0.103925064756,0.104032121222,0.104701224137,0.104192705922,0.10475475237,0.104326526505,0.105102685886,0.105316798819,0.104112413572,0.104620931787,0.105102685886,0.103951828872,0.102827735975,0.102800971859,0.10365742359,0.104513875321,0.104005357106,0.103630659473,0.103470074774,0.102560094809,0.102934792442,0.104246234155,0.10499562942,0.105397091169,0.10499562942,0.104594167671,0.104272998272,0.104433582971,0.10373771594,0.103630659473,0.103255961841,0.103148905374,0.102881264208,0.102426274226,0.102131868944,0.102131868944,0.102747443625,0.103202433608,0.103363018307,0.104460347088,0.105049157653,0.105504147635,0.106922645815,0.108394672228,0.109384944542,0.110535801556,0.110696386255,0.110321688623,0.11136548917,0.111204904471,0.111552837987,0.110749914489,0.109813170408,0.109411708659,0.10767204108,0.107324107564,0.107484692264,0.10759174873,0.107377635797,0.10767204108,0.107377635797,0.108555256927,0.108715841627,0.108635549277,0.110375216856,0.11010757569,0.109786406291,0.109518765125,0.109545529242,0.109224359842,0.109438472775,0.108394672228,0.108635549277,0.108234087528,0.1060929582,0.105852081151,0.1064141276,0.106440891716,0.105985901734,0.106066194084,0.104674460021,0.103764480056,0.103443310657,0.103844772406,0.10491533707,0.104727988254,0.104272998272,0.105825317034,0.107083230515,0.106628240532,0.107859389896,0.108421436344,0.108073502829,0.10767204108,0.107324107564,0.108287615761,0.108314379878,0.107350871681,0.106655004649,0.106681768766,0.105664732335,0.106574712299,0.106280307017,0.106012665851,0.106628240532,0.105745024685,0.106976174048,0.107404399914,0.108421436344,0.109251123959,0.109920226874,0.109786406291,0.110776678605,0.110937263305,0.111311960937,0.112302233251,0.111017555655,0.111017555655,0.110723150372,0.110803442722,0.11168665857,0.112195176785,0.112462817951,0.114148957297,0.115273050194,0.11538010666,0.11562098371,0.115861860759,0.115487163127,0.115995681342,0.115995681342,0.116049209575,0.11687889719,0.116584491907,0.116825368957,0.116504199558,