# R script for Peak Model
#  -- generated by MACS
p <- c(0.0414937466192,0.0489353039017,0.0560707211693,0.0635358276837,0.0698234726027,0.070247358777,0.0698705710665,0.0689521510222,0.0688815033264,0.0689286017903,0.0690934464136,0.0691405448774,0.0689757002541,0.0686460110074,0.0691169956455,0.0698941202984,0.0707418926471,0.0705299495599,0.0704357526323,0.0707418926471,0.0706476957194,0.0706476957194,0.0717074111552,0.0715190173,0.0717780588509,0.0713777219085,0.0705299495599,0.0720371004019,0.0721548465614,0.0722961419529,0.0720841988657,0.0712128772852,0.070011866458,0.0701060633856,0.0701531618494,0.0705299495599,0.0703651049366,0.0691405448774,0.0694466848922,0.069258291037,0.0695408818198,0.0698234726027,0.0702238095451,0.0701767110813,0.0701767110813,0.0699647679941,0.0717074111552,0.0714483696043,0.0711186803576,0.070506400328,0.0706476957194,0.070765441879,0.0697763741389,0.0699647679941,0.0697763741389,0.0697057264432,0.0689521510222,0.0697999233708,0.0706005972556,0.071000934198,0.0703886541685,0.070765441879,0.0725787327358,0.07250808504,0.073026168142,0.073026168142,0.0731203650696,0.0735678004758,0.0729555204463,0.0738032927949,0.0744155728245,0.0746510651435,0.0733323081568,0.0742271789692,0.0741094328097,0.0738503912587,0.0732145619972,0.0722490434891,0.0726258311996,0.071754509619,0.0719900019381,0.0715190173,0.0715661157638,0.0705299495599,0.0706241464875,0.0710715818937,0.071259975749,0.0719193542424,0.0722254942572,0.0719429034743,0.0714954680681,0.0716367634595,0.0716132142276,0.0714012711404,0.0708831880385,0.0701767110813,0.0703415557046,0.0703651049366,0.070011866458,0.0700354156899,0.0691169956455,0.0692818402689,0.0696586279794,0.0698941202984,0.0700825141537,0.069752824907,0.0692111925731,0.0693524879646,0.069258291037,0.069234741805,0.0696821772113,0.0687873063988,0.0686224617755,0.0693524879646,0.0695644310517,0.0703415557046,0.0715425665319,0.0713070742128,0.0706712449513,0.0706712449513,0.0708831880385,0.0718016080828,0.0715425665319,0.0711893280533,0.0713777219085,0.0717309603871,0.0715425665319,0.0714248203723,0.0719664527062,0.0727435773591,0.0732616604611,0.0726729296634,0.0729790696782,0.0729084219825,0.0725551835039,0.0718251573148,0.0710480326618,0.0713306234447,0.0709538357342,0.0700354156899,0.0693289387327,0.068999249486,0.0694466848922,0.0694702341241,0.0704357526323,0.0706476957194,0.0709067372704,0.0705534987918,0.0715661157638,0.0727200281272,0.0728142250548,0.0736619974035,0.0728848727505,0.0731203650696,0.071754509619,0.0715896649957,0.0711186803576,0.0714012711404,0.0711186803576,0.0703886541685,0.0706712449513,0.0705299495599,0.0714248203723,0.0716367634595,0.0718487065467,0.0720606496338,0.0742507282011,0.0742271789692,0.0738739404906,0.0743449251287,0.0746275159116,0.0738503912587,0.0734736035482,0.0737561943311,0.0738974897225,0.0740623343459,0.0725551835039,0.0726964788953,0.0726964788953,0.0726729296634,0.072767126591,0.0732145619972,0.0734971527801,0.0725787327358,0.0731674635334,0.0733794066206,0.0738503912587,0.0749336559264,0.0747688113031,0.0747452620712,0.0746981636073,0.0753339928688,0.0753104436369,0.0753104436369,0.074792360535,0.0743920235926,0.0743449251287,0.0739445881863,0.0740623343459,0.0740623343459,0.0737090958673,0.0736384481716,0.0737326450992,0.0735913497077,0.0733558573887,0.0734500543163,0.0728142250548,0.0722490434891,0.0721548465614,0.0715425665319,0.0718487065467,0.0713070742128,0.0712364265171,0.0710715818937,0.0712364265171,0.0710715818937,0.0712128772852,0.0711893280533,0.0711422295895,0.0718487065467,0.0719900019381,0.07250808504,0.0723667896486,0.0727435773591,0.0730026189101,0.0734971527801,0.0734736035482,0.0739681374182,0.0748865574626,0.0747688113031,0.0746981636073,0.0745804174478,0.0746746143754,0.0754281897964,0.0757107805793,0.0757578790431,0.0758285267389,0.0749807543902,0.0746039666797,0.0745097697521,0.0742978266649,0.0748865574626,0.075027852854,0.0745804174478,0.0746746143754,0.0744391220564,0.0740858835778,0.0739445881863,0.0744626712883,0.0741800805054,0.0746746143754,0.0749101066945,0.0750985005498,0.074792360535,0.0746275159116,0.0739916866502,0.0739210389544,0.0736619974035,0.0730968158377,0.0728613235186,0.0722490434891,0.0721312973295,0.0710480326618,0.0715425665319,0.0713777219085,0.0722490434891,0.0721077480976,0.0727200281272,0.0722961419529,0.0724374373443,0.0724374373443,0.0718958050105,0.0730497173739,0.0727200281272,0.0725551835039,0.0724138881124,0.0726022819677,0.0730497173739,0.0733558573887,0.0739445881863,0.0741565312735,0.0734029558525,0.0727200281272,0.0729555204463,0.0728848727505,0.0723903388805,0.07250808504,0.0721548465614,0.07250808504,0.072272592721,0.0732381112291,0.0743449251287,0.0752397959412,0.0749572051583,0.0752162467093,0.0758991744346,0.0766527498556,0.0773827760447,0.0773827760447,0.0786544345676,0.0790076730462,0.0801615854096,0.0810564562221,0.0830816901661,0.0844710948485,0.0869908626625,0.088121225794,0.0896048274041,0.0908293874633,0.0919597505948,0.0925955798563,0.0933256060454,0.0935375491325,0.0927839737115,0.0937494922197,0.0932785075816,0.0940320830026,0.0939378860749,0.0948563061193,0.0947385599598,0.0950682492064,0.0944559691769,0.0951153476703,0.0961279646422,0.0959631200189,0.0966695969761,0.0971170323823,0.09770576318,0.0973054262376,0.0972112293099,0.0978941570352,0.0976822139481,0.0980354524267,0.0979648047309,0.0977293124119,0.0969992862228,0.0968579908313,0.0965754000485,0.0962928092656,0.0963634569613,0.0952095445979,0.095445036917,0.0944559691769,0.0944088707131,0.0940556322345,0.0937730414516,0.0929723675668,0.0927368752477,0.0933256060454,0.0933727045092,0.0933256060454,0.093914336843,0.0945737153364,0.0939614353068,0.0944088707131,0.0935846475963,0.0939849845388,0.0939614353068,0.093419802973,0.0929488183349,0.0933727045092,0.0930430152625,0.0929959167987,0.0934433522049,0.0932078598858,0.0935846475963,0.0933020568135,0.0932078598858,0.0932314091177,0.0928075229434,0.0933020568135,0.0923836367691,0.09214814445,0.0923365383053,0.0916300613481,0.0920068490586,0.0918655536672,0.0917949059714,0.0917478075076,0.0926426783201,0.092171693682,0.0928310721753,0.0924542844648,0.0920774967543,0.0928310721753,0.0932078598858,0.0933256060454,0.0931843106539,0.0936081968282,0.093160761422,0.0935375491325,0.0938907876111,0.0940791814664,0.0943382230173,0.0947150107279,0.0941262799302,0.0941027306983,0.095421487685,0.0951388969022,0.0961515138741,0.0963399077294,0.0961515138741,0.0961750631061,0.0957511769317,0.0953272907574,0.0968344415994,0.0979177062671,0.0962928092656,0.0965754000485,0.0963399077294,0.0955863323084,0.0955627830765,0.0962457108018,0.0969050892952,0.0966695969761,0.0950917984384,0.0932785075816,0.0947150107279,0.0950446999745,0.0946208138002,0.0950446999745,0.0950917984384,0.0943146737854,0.0941262799302,0.0943146737854,0.0955627830765,0.0968579908313,0.0960573169465,0.0954685861489,0.0957747261636,0.0959160215551,0.0966224985123,0.0973525247014,0.0967402446718,0.0972583277738,0.0967637939037,0.096693146208,0.0971405816142,0.0976115662523,0.0976351154843,0.097941255499,0.096952187759,0.0966460477442,0.0966460477442,0.0969050892952,0.096198612338,0.095680529236,0.0950446999745,0.0952330938298,0.0948798553512,0.0938907876111,0.0938436891473,0.0938201399154,0.0940791814664,0.0935610983644,0.0937494922197,0.0932785075816,0.0928075229434,0.0932314091177,0.0940085337707,0.0945737153364,0.0953508399893,0.0942440260897,0.0945737153364,0.0949740522788,0.0943382230173,0.0950446999745,0.0959631200189,0.0952095445979,0.0948092076555,0.0938672383792,0.0932078598858,0.0943853214812,0.0947856584236,0.0944088707131,0.0949034045831,0.0950211507426,0.0938201399154,0.0935610983644,0.0927368752477,0.0937259429878,0.0941262799302,0.0940556322345,0.0934904506687,0.0938672383792,0.0948092076555,0.0950682492064,0.0971170323823,0.0981767478181,0.0993306601815,0.100154883298,0.101214598734,0.102227215706,0.102815946504,0.103357578838,0.104417294273,0.105006025071,0.104417294273,0.103922760403,0.104346646578,