# R script for Peak Model
#  -- generated by MACS
p <- c(0.042265363842,0.049872010709,0.0570684952449,0.064619210885,0.0715546830284,0.071237739409,0.0709580832741,0.0715919705131,0.0713682456052,0.0708275770779,0.0712004519243,0.0710513019857,0.0712750268936,0.0704360584891,0.0707716458509,0.0708275770779,0.0711445206974,0.0714801080591,0.0709580832741,0.0707716458509,0.0704547022315,0.0699140337042,0.069149640269,0.0701564023543,0.0703241960352,0.0705479209431,0.0701750460967,0.0698953899618,0.0705292772008,0.0704733459738,0.0702496210659,0.0703241960352,0.0702869085506,0.0697835275079,0.0690564215574,0.068627615484,0.0692987902076,0.0689632028458,0.0694479401461,0.0697648837656,0.0700258961581,0.0699326774465,0.0714801080591,0.0713496018629,0.0719462016172,0.072225857752,0.0717224767093,0.0716851892247,0.0714428205745,0.07164790174,0.0709580832741,0.0710885894704,0.0699699649311,0.0705292772008,0.0709767270165,0.07060385217,0.0706970708816,0.0707716458509,0.0703801272622,0.0706224959124,0.0706970708816,0.0710326582434,0.070715714624,0.0702309773236,0.0694106526615,0.0698208149926,0.0698953899618,0.0704919897161,0.0706411396547,0.0708275770779,0.0716292579977,0.0709767270165,0.0720767078134,0.0725428013714,0.0729716074448,0.0730275386718,0.0730834698987,0.0731021136411,0.0733071948066,0.0729343199602,0.0736241384261,0.0747986941923,0.0737732883646,0.0738851508186,0.0736614259107,0.0735682071991,0.074202094438,0.073680069653,0.0739037945609,0.0739970132725,0.0725428013714,0.0717597641939,0.0730275386718,0.0729156762179,0.0726546638254,0.0727292387946,0.0721512827827,0.0725055138868,0.0720580640711,0.0722817889789,0.0724309389175,0.0728224575063,0.072169926525,0.0719462016172,0.072636020083,0.0732885510643,0.072636020083,0.0719834891018,0.0718716266479,0.0718716266479,0.072636020083,0.0730088949295,0.0731394011257,0.0729343199602,0.0723377202059,0.0719089141325,0.072747882537,0.0733817697759,0.0746309005114,0.0743698881189,0.074202094438,0.0737546446223,0.073158044868,0.0735495634568,0.0736614259107,0.0735682071991,0.0737173571377,0.0728970324755,0.0721512827827,0.0728224575063,0.073213976095,0.0728224575063,0.0727851700216,0.0730834698987,0.073269907322,0.0728783887332,0.0719462016172,0.0730088949295,0.0728783887332,0.0717597641939,0.0714055330898,0.0716665454823,0.0721326390404,0.0723377202059,0.072636020083,0.0734190572605,0.0743326006343,0.0733258385489,0.0738665070762,0.0745936130268,0.0748359816769,0.0750410628425,0.0746122567691,0.0738851508186,0.0732326198373,0.0733444822912,0.0729716074448,0.0730648261564,0.0723190764636,0.0723190764636,0.0719648453595,0.0720394203288,0.0722817889789,0.0722817889789,0.0725055138868,0.0724309389175,0.0730088949295,0.0733631260336,0.0743885318612,0.0737732883646,0.07373600088,0.0735122759721,0.0736614259107,0.073213976095,0.0734004135182,0.073269907322,0.0731766886104,0.0740156570148,0.0730834698987,0.0734190572605,0.0734749884875,0.0738478633339,0.0736614259107,0.0739970132725,0.0745003943152,0.0745190380575,0.0745376817998,0.0738665070762,0.0741275194687,0.0750783503271,0.075768168793,0.0751342815541,0.0750224191001,0.0751715690387,0.07373600088,0.0728038137639,0.0721512827827,0.0728783887332,0.0729902511871,0.0721512827827,0.0715733267707,0.0722445014943,0.0727292387946,0.0726733075677,0.0728597449909,0.0729902511871,0.0727851700216,0.0715733267707,0.0714241768322,0.0713682456052,0.0717411204516,0.0709767270165,0.0713868893475,0.0716106142554,0.072169926525,0.0729156762179,0.0730648261564,0.0730088949295,0.0731207573834,0.0735682071991,0.0731766886104,0.0731394011257,0.0727665262793,0.0728411012486,0.0729156762179,0.0728970324755,0.0725055138868,0.0728783887332,0.0730834698987,0.0724122951752,0.0728411012486,0.0734563447452,0.0729156762179,0.0732326198373,0.0734749884875,0.0731207573834,0.0738105758493,0.0742766694073,0.0746495442537,0.0753393627196,0.0750410628425,0.0749292003885,0.0756935938237,0.0757868125353,0.0758986749892,0.0757308813083,0.0758986749892,0.0755258001428,0.0748173379346,0.0742953131496,0.0740343007571,0.0733444822912,0.0721512827827,0.0716106142554,0.0714801080591,0.0712563831513,0.0709953707588,0.0714428205745,0.0718156954209,0.0718902703902,0.0714987518015,0.0723936514329,0.0733258385489,0.0728783887332,0.07269195131,0.073680069653,0.0736987133953,0.0731766886104,0.0729529637025,0.0736054946837,0.0738105758493,0.0742393819227,0.0740529444994,0.0742953131496,0.0742393819227,0.0738105758493,0.0737732883646,0.0741648069534,0.0736987133953,0.0734936322298,0.0745749692844,0.0740529444994,0.073680069653,0.0740902319841,0.0742393819227,0.0742393819227,0.0743512443766,0.0740529444994,0.0750597065848,0.0749292003885,0.0752275002657,0.0754512251735,0.0760291811855,0.0760851124124,0.0765698497128,0.0767749308783,0.076812218363,0.077800336706,0.0783410052333,0.0790867549261,0.0791053986685,0.0807087605081,0.0831138032675,0.0846798776225,0.0861154457812,0.0888001446754,0.0917085684775,0.0943000486602,0.0959593417267,0.0975254160817,0.0989982717251,0.0991287779213,0.0993152153445,0.0999491025835,0.1008812897,0.100582989822,0.0997999526449,0.0988304780442,0.0980101533821,0.0984203157131,0.0990728466944,0.0992219966329,0.0987931905596,0.0990728466944,0.0992592841176,0.0995202965101,0.0987559030749,0.0983457407438,0.0994457215408,0.0994084340562,0.0989796279828,0.099166065406,0.099110134179,0.0986999718479,0.0979355784128,0.0977118535049,0.0990914904367,0.0997813089026,0.099166065406,0.0997813089026,0.0995948714794,0.0996508027063,0.100172827491,0.100713496019,0.100377908657,0.100340621172,0.100415196141,0.100228758718,0.0999304588411,0.0993711465715,0.0995016527678,0.0999491025835,0.0993525028292,0.098644040621,0.099576227737,0.100303333688,0.10032197743,0.100303333688,0.10056434608,0.10056434608,0.100862645957,0.100750783503,0.101216877061,0.101720258104,0.101179589577,0.100489771111,0.100023677553,0.100862645957,0.100694852276,0.0999118150988,0.0993897903138,0.0997813089026,0.100210114976,0.10000503381,0.100788070988,0.101216877061,0.102111776693,0.101216877061,0.101384670742,0.101254164546,0.102354145343,0.101794833073,0.101403314485,0.101720258104,0.100694852276,0.0998745276142,0.0993338590869,0.0993897903138,0.0993152153445,0.100750783503,0.099688090191,0.0993897903138,0.0992965716022,0.0994830090254,0.100508414853,0.100191471234,0.100452483626,0.100396552399,0.100471127368,0.100060965037,0.100452483626,0.100601633565,0.101477889454,0.101328739515,0.100750783503,0.101832120558,0.10209313295,0.102279570374,0.101627039392,0.101999914239,0.102223639147,0.102484651539,0.101981270496,0.101384670742,0.102149064177,0.101571108165,0.100974508411,0.101291452031,0.102596513993,0.102223639147,0.101813476816,0.102335501601,0.102204995404,0.102596513993,0.101906695527,0.102801595159,0.103249044974,0.103435482398,0.103882932213,0.103640563563,0.103677851048,0.103547344851,0.103659207305,0.103827000986,0.104703256875,0.104293094544,0.104386313256,0.103771069759,0.103528701109,0.10345412614,0.103789713502,0.103789713502,0.104311738287,0.104815119329,0.104572750679,0.104628681906,0.104815119329,0.105169350433,0.103976150925,0.104591394421,0.10529985663,0.104479531967,0.104703256875,0.10474054436,0.10522528166,0.10578459393,0.104554106937,0.104367669514,0.105598156507,0.10578459393,0.105635443991,0.106548987365,0.106008318838,0.105262569145,0.104274450802,0.104162588348,0.105001556752,0.10529985663,0.104777831845,0.104665969391,0.10449817571,0.104404956998,0.104516819452,0.104926981783,0.105038844237,0.104889694299,0.105001556752,0.104684613133,0.104572750679,0.104945625526,0.10498291301,0.104926981783,0.104833763072,0.105113419206,0.105281212887,0.105355787857,0.105728662703,0.106176112519,0.106604918592,0.106474412396,0.106493056138,0.107220162089,0.107798118101,0.108282855401,0.109364192456,0.109177755032,0.110576035706,0.110743829387,0.111116704234,0.111340429142,0.112403122454,0.112160753804,0.112142110061,0.112720066073,0.113130228404,0.113875978097,0.113950553067,0.114584440306,0.11542340871,